0 0
1 0
2 0
4 0
5 0
10 0
13 0
19 0
20 0
21 0
28 0
36 0
40 0
60 0
69 0
71 0
80 0
100 0
119 0
120 0
121 0
0 1
1 1
3 1
4 1
9 1
12 1
18 1
19 1
20 1
27 1
35 1
39 1
41 1
59 1
61 1
68 1
70 1
118 1
120 1
0 2
2 2
3 2
5 2
12 2
13 2
20 2
22 2
39 2
40 2
60 2
75 2
79 2
81 2
99 2
101 2
119 2
121 2
1 3
2 3
3 3
6 3
7 3
9 3
17 3
18 3
19 3
20 3
24 3
38 3
42 3
48 3
80 3
92 3
100 3
119 3
120 3
0 4
1 4
5 4
6 4
10 4
11 4
17 4
21 4
23 4
32 4
59 4
63 4
108 4
0 5
2 5
3 5
7 5
16 5
17 5
18 5
20 5
37 5
58 5
62 5
73 5
81 5
1 6
2 6
4 6
6 6
8 6
16 6
36 6
72 6
78 6
79 6
80 6
82 6
127 6
0 7
6 7
14 7
15 7
16 7
24 7
33 7
37 7
45 7
89 7
98 7
102 7
6 8
8 8
9 8
14 8
17 8
21 8
23 8
38 8
39 8
43 8
50 8
66 8
68 8
118 8
122 8
3 9
10 9
11 9
12 9
13 9
15 9
17 9
40 9
41 9
43 9
79 9
99 9
111 9
0 10
4 10
5 10
6 10
10 10
15 10
19 10
20 10
37 10
40 10
57 10
66 10
3 11
5 11
9 11
10 11
11 11
18 11
19 11
25 11
36 11
63 11
65 11
119 11
2 12
9 12
18 12
30 12
65 12
107 12
108 12
1 13
6 13
8 13
10 13
12 13
14 13
16 13
17 13
22 13
32 13
40 13
44 13
67 13
77 13
83 13
94 13
0 14
4 14
9 14
10 14
13 14
17 14
42 14
61 14
76 14
88 14
0 15
6 15
7 15
22 15
26 15
35 15
49 15
50 15
60 15
70 15
90 15
97 15
99 15
107 15
4 16
5 16
16 16
21 16
48 16
49 16
56 16
69 16
89 16
98 16
103 16
106 16
6 17
8 17
11 17
13 17
29 17
70 17
103 17
117 17
121 17
123 17
4 18
14 18
26 18
27 18
39 18
64 18
76 18
78 18
3 19
5 19
6 19
11 19
15 19
19 19
25 19
30 19
31 19
34 19
44 19
45 19
58 19
114 19
124 19
0 20
2 20
7 20
27 20
58 20
61 20
103 20
126 20
1 21
6 21
21 21
26 21
60 21
76 21
81 21
123 21
125 21
0 22
17 22
19 22
20 22
28 22
33 22
50 22
58 22
59 22
80 22
101 22
119 22
4 23
18 23
37 23
51 23
52 23
55 23
78 23
84 23
2 24
3 24
6 24
7 24
9 24
29 24
35 24
39 24
48 24
105 24
106 24
0 25
1 25
9 25
10 25
22 25
31 25
32 25
46 25
58 25
80 25
96 25
107 25
0 26
8 26
9 26
17 26
30 26
31 26
55 26
65 26
79 26
83 26
104 26
106 26
21 27
23 27
35 27
37 27
82 27
83 27
101 27
113 27
15 28
20 28
22 28
33 28
78 28
100 28
116 28
9 29
29 29
54 29
55 29
57 29
114 29
124 29
0 30
5 30
10 30
12 30
28 30
60 30
67 30
75 30
76 30
125 30
9 31
27 31
32 31
47 31
59 31
66 31
124 31
